
2	Villanova		BE	29 3	30.97	124.1	3	93.1	16	64.2	322	.017	139	9.62	27	110.3	27	100.7	38	4.31	55
MSMARY/ NO
23	Wisconsin		B10	23 8	21.57	113.5	40	92.0	11	63.5	333	-.002	190	8.37	46	109.5	39	101.1	51	-0.78	190
44	Virginia_Tech		ACC	22 10	15.02	117.7	22	102.6	125	68.5	158	.061	43	8.98	39	110.5	23	101.5	62	-7.39	338
4	Virginia		ACC	22 9	27.84	114.2	37	86.4	1	59.0	351	-.048	292	12.04	8	111.6	9	99.5	14	3.01	74
60	UNC_Wilmington		CAA	29 5	12.36	118.0	20	105.6	185	70.3	71	.051	62	0.26	135	105.3	124	105.0	145	2.49	94
6	Florida			SEC	24 7	27.22	116.7	29	89.5	4	69.1	113	-.042	284	11.46	15	110.4	25	98.9	6	8.99	11
65	East_Tennessee_St.	SC	27 7	11.54	108.3	108	96.7	41	70.2	73	.002	182	-1.19	172	105.7	105	106.9	257	0.76	140
12	SMU			Amer	27 4	25.07	119.5	13	94.4	25	63.4	334	.011	165	2.67	90	105.1	133	102.5	76	-0.88	193
PROV/USC
11	Baylor			B12	25 6	25.77	117.4	24	91.6	9	63.2	337	.012	159	12.75	5	111.7	6	98.9	4	1.96	111
97	New_Mexico_St.		WAC	25 5	6.44	110.4	70	103.9	159	67.7	203	.061	42	-5.46	296	101.0	319	106.4	229	-4.28	294
28	South_Carolina		SEC	22 9	17.92	105.9	148	88.0	2	68.5	159	.001	183	8.53	45	109.2	48	100.7	40	2.76	83
29	Marquette		BE	19 12	17.48	120.8	9	103.3	139	70.1	78	-.062	315	9.01	38	109.6	38	100.6	36	-1.80	217
15	Duke			ACC	25 8	24.29	120.5	10	96.2	37	68.1	185	.016	146	11.64	14	111.2	17	99.5	13	0.11	161
155	Troy			SB	19 14	0.71	109.6	82	108.9	250	68.3	174	-.046	290	-3.08	230	102.4	270	105.5	165	-6.64	335

1	Gonzaga			WCC	32 1	32.96	120.9	8	88.0	3	70.2	72	.016	150	0.69	127	105.1	137	104.4	126	0.73	141
183	South_Dakota_St.	Sum	18 16	-1.32	110.9	61	112.2	308	67.2	222	.029	105	-0.92	165	105.0	145	105.9	187	1.84	116
37	Northwestern		B10	21 10	15.61	110.7	63	95.1	31	65.3	298	-.006	199	7.34	57	108.8	54	101.4	58	-2.74	244
42	Vanderbilt		SEC	17 14	15.18	113.3	42	98.1	59	65.6	284	-.034	265	11.02	18	110.1	31	99.0	9	6.60	32
26	Notre_Dame		ACC	23 8	19.95	118.5	17	98.6	63	67.3	220	.023	124	9.24	35	109.8	33	100.5	35	-3.79	277
64	Princeton		Ivy	21 6	11.92	109.1	92	97.2	45	63.5	330	.018	134	-1.67	182	103.5	223	105.2	151	2.67	85
5	West_Virginia		B12	24 7	27.80	118.2	18	90.4	5	70.6	58	-.050	294	9.11	37	109.2	47	100.1	24	-7.54	340
79	Bucknell		Pat	26 8	8.70	109.2	87	100.5	89	69.8	88	.018	138	-4.23	265	101.2	311	105.4	164	1.16	131
39	Maryland		B10	24 7	15.47	114.1	38	98.7	65	67.2	225	.072	30	7.70	52	108.1	62	100.4	32	-0.77	189
45	Xavier			BE	20 12	14.91	115.1	33	100.2	83	67.6	209	.036	88	10.63	21	110.8	22	100.1	23	6.01	37
18	Florida_St.		ACC	25 7	23.00	117.3	26	94.3	24	70.8	53	.039	83	9.37	30	110.8	21	101.5	59	-3.39	268
108	Florida_Gulf_Coast	ASun	26 7	5.20	110.0	76	104.7	171	65.3	299	.051	63	-4.69	271	103.9	201	108.6	329	3.30	70
13	Saint_Mary's		WCC	28 4	24.64	119.2	14	94.5	27	59.4	350	.034	91	-0.14	145	104.3	175	104.4	128	-4.02	283
50	VCU			A10	24 7	14.31	110.0	74	95.7	33	68.6	145	.041	79	3.27	82	105.5	114	102.2	72	1.27	129
22	Arizona			P12	27 4	21.74	116.5	30	94.7	29	65.2	301	.058	48	5.55	70	107.7	68	102.1	71	1.95	112
177	North_Dakota		BSky	20 9	-0.57	103.2	198	103.8	156	71.3	42	.027	110	-6.61	317	102.4	266	109.1	337	3.29	71

10	Kansas			B12	28 4	26.04	121.0	7	95.0	30	70.3	69	.074	28	12.47	6	111.5	13	99.0	8	2.93	77
NCCENT/UCD
31	Miami_FL		ACC	21 11	17.01	110.6	65	93.6	21	63.2	338	.030	101	10.29	24	111.3	15	101.0	48	-3.83	280
41	Michigan_St.		B10	19 13	15.19	110.9	62	95.7	35	67.2	221	.000	185	10.58	22	110.4	24	99.9	21	4.31	54
21	Iowa_St.		B12	21 10	21.77	118.7	16	96.9	43	68.3	168	-.017	239	13.34	4	112.3	4	98.9	5	-0.18	172
56	Nevada			MWC	26 6	12.88	114.6	34	101.7	103	69.5	96	.056	50	0.61	128	104.2	182	103.6	105	-0.77	188
14	Purdue			B10	25 6	24.53	117.8	21	93.3	18	69.0	121	-.009	210	7.75	51	108.7	57	100.9	44	-1.86	218
59	Vermont			AE	28 5	12.38	111.8	54	99.4	70	64.6	312	.053	58	-4.56	269	103.0	246	107.5	288	2.16	103
27	Creighton		BE	23 8	19.57	116.7	28	97.1	44	70.8	51	-.003	194	8.07	47	110.2	29	102.1	70	-1.10	202
51	Rhode_Island		A10	21 9	13.97	109.6	81	95.7	34	66.4	264	-.032	255	3.23	84	106.3	87	103.1	94	2.16	104
16	Oregon			P12	28 4	24.04	117.5	23	93.5	20	66.5	257	.049	66	5.79	69	107.9	63	102.1	68	0.87	137
118	Iona			MAAC	22 12	3.99	110.5	69	106.5	204	70.7	56	.011	164	-2.44	205	103.6	214	106.1	205	0.28	156
25	Michigan		B10	21 11	21.40	121.5	5	100.1	79	62.6	344	-.054	303	8.75	42	109.1	51	100.3	31	-0.02	165
20	Oklahoma_St.		B12	20 12	22.10	125.0	1	102.9	129	70.4	67	-.056	309	14.12	2	111.9	5	97.7	1	3.10	73
8	Louisville		ACC	24 8	26.75	117.4	25	90.6	6	68.1	182	-.011	219	12.36	7	112.3	3	99.9	22	4.84	47
157	Jacksonville_St.	OVC	20 14	0.57	105.6	154	105.0	178	63.7	329	.029	106	-1.99	189	104.2	180	106.2	217	1.28	127

3	North Carolina		ACC	27 7	28.01	122.1	4	94.1	25	70.3	53	.006	176	12.14	10	111.6	5	99.5	17	4.11	57
203	Texas_Southern		SWAC	21 11	-3.11	106.2	142	109.3	261	68.4	161	.103	5	-8.20	331	100.4	328	108.6	328	13.28	3
40	Arkansas		SEC	23 8	15.43	118.0	19	102.6	124	69.3	105	.086	16	6.62	65	107.6	71	101.0	45	-0.89	194
53	Seton_Hall		BE	21 10	13.56	110.3	71	96.7	42	67.6	213	.088	14	9.31	34	110.0	32	100.7	37	-1.74	215
33	Minnesota		B10	23 8	16.56	109.3	86	92.7	15	69.6	94	.031	100	7.68	53	108.7	56	101.0	47	-1.03	199
52	Middle_Tennessee	CUSA	28 4	13.94	111.8	55	97.9	55	64.1	324	.013	154	-1.70	183	104.1	186	105.8	185	4.10	59
24	Butler			BE	23 7	21.41	118.9	15	97.5	50	65.6	287	.011	162	10.65	20	110.9	20	100.2	27	5.39	41
114	Winthrop		BSth	26 6	4.74	106.7	135	102.0	108	71.1	45	.029	103	-7.34	326	100.6	324	108.0	308	2.95	75
19	Cincinnati		Amer	27 4	22.50	113.3	43	90.8	7	63.9	327	.025	118	2.64	91	106.3	86	103.7	107	-0.31	174
KSTATE/WF
17	UCLA			P12	28 3	23.89	124.4	2	100.6	90	73.1	15	.020	130	3.07	85	106.9	78	103.8	111	-4.27	291
152	Kent_St.		MAC	19 13	0.82	104.5	175	103.7	154	68.8	135	-.009	212	-2.83	216	103.9	195	106.7	253	-5.38	314
34	Dayton			A10	24 6	16.28	112.8	47	96.5	40	68.8	134	-.001	187	3.27	83	105.7	102	102.5	77	2.91	78
9	Wichita_St.		MVC	30 4	26.36	119.8	11	93.5	19	68.8	136	-.014	227	0.76	124	104.6	159	103.9	113	0.07	162
7	Kentucky		SEC	26 5	27.17	119.5	12	92.3	13	73.0	16	-.001	188	9.57	28	109.8	35	100.2	26	4.13	58
145	Northern_Kentucky	Horz	24 10	1.26	106.8	134	105.5	183	68.0	190	.082	18	-3.84	249	102.8	258	106.7	246	-2.33	233

1
214	Mount_St._Mary's	NEC	19 15	-4.20	99.1	272	103.3	140	67.0	233	.060	44	-5.11	289	101.9	287	107.0	266	11.83	7
181	New_Orleans		Slnd	18 11	-1.11	100.4	250	101.5	101	66.8	245	.048	68	-5.06	286	102.8	256	107.9	304	8.53	16
9
54	Providence		BE	20 11	13.27	109.0	94	95.8	36	66.2	267	.034	92	7.91	49	109.4	43	101.4	57	-3.82	279
63	USC			P12	24 8	11.98	113.1	45	101.1	95	69.1	110	.096	7	3.57	81	107.7	66	104.2	119	-3.15	258
33
163	North_Carolina_Central	MEAC	23 8	0.12	103.3	196	103.2	137	66.3	266	-.047	291	-12.09	349	98.2	348	110.3	349	-0.31	175
224	UC_Davis		BW	20 12	-5.19	98.9	280	104.1	162	69.0	119	.089	11	-6.25	311	100.5	325	106.7	252	-1.09	201
57
32	Kansas_St.		B12	19 12	16.60	112.1	51	95.5	32	66.7	249	-.032	261	10.06	25	109.8	34	99.7	17	-4.77	302
30	Wake_Forest		ACC	19 13	17.30	121.1	6	103.8	158	70.6	60	-.035	266	11.38	16	111.6	7	100.2	29	5.01	44
