1	Gonzaga			WCC	32 1	32.96	120.9	8	88.0	3	70.2	72	.016	150	0.69	127	105.1	137	104.4	126	0.73	141
2	Villanova		BE	29 3	30.97	124.1	3	93.1	16	64.2	322	.017	139	9.62	27	110.3	27	100.7	38	4.31	55
3	North_Carolina		ACC	27 6	28.70	122.4	4	93.7	22	70.7	57	.015	151	11.84	10	111.6	8	99.7	18	4.27	56
4	Virginia		ACC	22 9	27.84	114.2	37	86.4	1	59.0	351	-.048	292	12.04	8	111.6	9	99.5	14	3.01	74
5	West_Virginia		B12	24 7	27.80	118.2	18	90.4	5	70.6	58	-.050	294	9.11	37	109.2	47	100.1	24	-7.54	340
6	Florida			SEC	24 7	27.22	116.7	29	89.5	4	69.1	113	-.042	284	11.46	15	110.4	25	98.9	6	8.99	11
7	Kentucky		SEC	26 5	27.17	119.5	12	92.3	13	73.0	16	-.001	188	9.57	28	109.8	35	100.2	26	4.13	58
8	Louisville		ACC	24 8	26.75	117.4	25	90.6	6	68.1	182	-.011	219	12.36	7	112.3	3	99.9	22	4.84	47
9	Wichita_St.		MVC	30 4	26.36	119.8	11	93.5	19	68.8	136	-.014	227	0.76	124	104.6	159	103.9	113	0.07	162
10	Kansas			B12	28 4	26.04	121.0	7	95.0	30	70.3	69	.074	28	12.47	6	111.5	13	99.0	8	2.93	77
11	Baylor			B12	25 6	25.77	117.4	24	91.6	9	63.2	337	.012	159	12.75	5	111.7	6	98.9	4	1.96	111
12	SMU			Amer	27 4	25.07	119.5	13	94.4	25	63.4	334	.011	165	2.67	90	105.1	133	102.5	76	-0.88	193
13	Saint_Mary's		WCC	28 4	24.64	119.2	14	94.5	27	59.4	350	.034	91	-0.14	145	104.3	175	104.4	128	-4.02	283
14	Purdue			B10	25 6	24.53	117.8	21	93.3	18	69.0	121	-.009	210	7.75	51	108.7	57	100.9	44	-1.86	218
15	Duke			ACC	25 8	24.29	120.5	10	96.2	37	68.1	185	.016	146	11.64	14	111.2	17	99.5	13	0.11	161
16	Oregon			P12	28 4	24.04	117.5	23	93.5	20	66.5	257	.049	66	5.79	69	107.9	63	102.1	68	0.87	137
17	UCLA			P12	28 3	23.89	124.4	2	100.6	90	73.1	15	.020	130	3.07	85	106.9	78	103.8	111	-4.27	291
18	Florida_St.		ACC	25 7	23.00	117.3	26	94.3	24	70.8	53	.039	83	9.37	30	110.8	21	101.5	59	-3.39	268
19	Cincinnati		Amer	27 4	22.50	113.3	43	90.8	7	63.9	327	.025	118	2.64	91	106.3	86	103.7	107	-0.31	174
20	Oklahoma_St.		B12	20 12	22.10	125.0	1	102.9	129	70.4	67	-.056	309	14.12	2	111.9	5	97.7	1	3.10	73
21	Iowa_St.		B12	21 10	21.77	118.7	16	96.9	43	68.3	168	-.017	239	13.34	4	112.3	4	98.9	5	-0.18	172
22	Arizona			P12	27 4	21.74	116.5	30	94.7	29	65.2	301	.058	48	5.55	70	107.7	68	102.1	71	1.95	112
23	Wisconsin		B10	23 8	21.57	113.5	40	92.0	11	63.5	333	-.002	190	8.37	46	109.5	39	101.1	51	-0.78	190
24	Butler			BE	23 7	21.41	118.9	15	97.5	50	65.6	287	.011	162	10.65	20	110.9	20	100.2	27	5.39	41
25	Michigan		B10	21 11	21.40	121.5	5	100.1	79	62.6	344	-.054	303	8.75	42	109.1	51	100.3	31	-0.02	165
26	Notre_Dame		ACC	23 8	19.95	118.5	17	98.6	63	67.3	220	.023	124	9.24	35	109.8	33	100.5	35	-3.79	277
27	Creighton		BE	23 8	19.57	116.7	28	97.1	44	70.8	51	-.003	194	8.07	47	110.2	29	102.1	70	-1.10	202
28	South_Carolina		SEC	22 9	17.92	105.9	148	88.0	2	68.5	159	.001	183	8.53	45	109.2	48	100.7	40	2.76	83
29	Marquette		BE	19 12	17.48	120.8	9	103.3	139	70.1	78	-.062	315	9.01	38	109.6	38	100.6	36	-1.80	217
30	Wake_Forest		ACC	19 13	17.30	121.1	6	103.8	158	70.6	60	-.035	266	11.38	16	111.6	7	100.2	29	5.01	44
31	Miami_FL		ACC	21 11	17.01	110.6	65	93.6	21	63.2	338	.030	101	10.29	24	111.3	15	101.0	48	-3.83	280
32	Kansas_St.		B12	19 12	16.60	112.1	51	95.5	32	66.7	249	-.032	261	10.06	25	109.8	34	99.7	17	-4.77	302
33	Minnesota		B10	23 8	16.56	109.3	86	92.7	15	69.6	94	.031	100	7.68	53	108.7	56	101.0	47	-1.03	199
34	Dayton			A10	24 6	16.28	112.8	47	96.5	40	68.8	134	-.001	187	3.27	83	105.7	102	102.5	77	2.91	78
35	TCU			B12	19 14	16.13	113.6	39	97.4	49	67.1	231	-.033	262	11.83	11	111.2	16	99.4	11	-2.71	242
36	Clemson			ACC	17 15	15.90	116.2	32	100.3	84	66.4	262	-.053	298	11.71	12	111.5	11	99.8	19	2.36	99
37	Northwestern		B10	21 10	15.61	110.7	63	95.1	31	65.3	298	-.006	199	7.34	57	108.8	54	101.4	58	-2.74	244
38	Indiana			B10	18 14	15.47	117.0	27	101.6	102	68.5	157	-.079	333	8.84	40	109.8	36	100.9	43	-4.83	303
39	Maryland		B10	24 7	15.47	114.1	38	98.7	65	67.2	225	.072	30	7.70	52	108.1	62	100.4	32	-0.77	189
40	Arkansas		SEC	23 8	15.43	118.0	19	102.6	124	69.3	105	.086	16	6.62	65	107.6	71	101.0	45	-0.89	194
41	Michigan_St.		B10	19 13	15.19	110.9	62	95.7	35	67.2	221	.000	185	10.58	22	110.4	24	99.9	21	4.31	54
42	Vanderbilt		SEC	17 14	15.18	113.3	42	98.1	59	65.6	284	-.034	265	11.02	18	110.1	31	99.0	9	6.60	32
43	Houston			Amer	21 9	15.04	114.4	36	99.4	69	65.1	302	-.007	202	2.54	92	104.9	149	102.4	75	-2.87	251
44	Virginia_Tech		ACC	22 10	15.02	117.7	22	102.6	125	68.5	158	.061	43	8.98	39	110.5	23	101.5	62	-7.39	338
45	Xavier			BE	20 12	14.91	115.1	33	100.2	83	67.6	209	.036	88	10.63	21	110.8	22	100.1	23	6.01	37
46	Texas_Tech		B12	18 14	14.78	112.7	48	97.9	56	63.7	328	-.082	335	7.97	48	109.5	40	101.5	60	-11.26	351
47	Utah			P12	20 11	14.72	114.5	35	99.7	72	68.6	143	-.087	339	3.61	80	106.1	90	102.5	78	-6.17	328
48	Syracuse		ACC	18 14	14.38	116.2	31	101.8	105	66.5	260	-.044	287	8.72	44	108.9	52	100.2	25	-2.94	252
49	Illinois_St.		MVC	27 6	14.33	106.9	132	92.5	14	64.8	309	.101	6	1.55	107	105.3	128	103.7	108	-0.15	171
50	VCU			A10	24 7	14.31	110.0	74	95.7	33	68.6	145	.041	79	3.27	82	105.5	114	102.2	72	1.27	129
51	Rhode_Island		A10	21 9	13.97	109.6	81	95.7	34	66.4	264	-.032	255	3.23	84	106.3	87	103.1	94	2.16	104
52	Middle_Tennessee	CUSA	28 4	13.94	111.8	55	97.9	55	64.1	324	.013	154	-1.70	183	104.1	186	105.8	185	4.10	59
53	Seton_Hall		BE	21 10	13.56	110.3	71	96.7	42	67.6	213	.088	14	9.31	34	110.0	32	100.7	37	-1.74	215
54	Providence		BE	20 11	13.27	109.0	94	95.8	36	66.2	267	.034	92	7.91	49	109.4	43	101.4	57	-3.82	279
55	Georgia			SEC	19 13	12.90	109.4	85	96.5	39	67.1	230	.025	117	10.76	19	109.7	37	99.0	7	5.19	42
56	Nevada			MWC	26 6	12.88	114.6	34	101.7	103	69.5	96	.056	50	0.61	128	104.2	182	103.6	105	-0.77	188
57	California		P12	21 11	12.70	105.0	162	92.3	12	65.4	295	.008	172	4.75	73	107.3	74	102.5	79	-2.11	226
58	Alabama			SEC	18 13	12.50	104.4	177	91.9	10	65.3	300	-.041	283	6.56	66	108.2	60	101.6	65	-0.72	186
59	Vermont			AE	28 5	12.38	111.8	54	99.4	70	64.6	312	.053	58	-4.56	269	103.0	246	107.5	288	2.16	103
60	UNC_Wilmington		CAA	29 5	12.36	118.0	20	105.6	185	70.3	71	.051	62	0.26	135	105.3	124	105.0	145	2.49	94
61	Texas_A&M		SEC	16 14	12.21	109.5	83	97.3	47	64.7	310	-.054	305	7.37	56	109.4	42	102.0	67	-2.08	223
62	Tennessee		SEC	16 16	12.08	109.9	77	97.9	54	69.4	101	-.053	300	11.06	17	109.3	44	98.3	3	6.76	31
63	USC			P12	24 8	11.98	113.1	45	101.1	95	69.1	110	.096	7	3.57	81	107.7	66	104.2	119	-3.15	258
64	Princeton		Ivy	21 6	11.92	109.1	92	97.2	45	63.5	330	.018	134	-1.67	182	103.5	223	105.2	151	2.67	85
65	East_Tennessee_St.	SC	27 7	11.54	108.3	108	96.7	41	70.2	73	.002	182	-1.19	172	105.7	105	106.9	257	0.76	140
66	Oklahoma		B12	11 20	11.18	107.6	119	96.4	38	69.9	86	-.102	344	14.21	1	112.5	2	98.3	2	1.82	117
67	Georgetown		BE	14 18	10.97	108.7	99	97.7	51	68.7	141	-.102	345	10.32	23	111.4	14	101.1	52	2.51	93
68	Iowa			B10	18 14	10.70	112.7	49	102.0	106	71.4	38	.020	128	7.89	50	108.6	58	100.7	41	-3.13	256
69	UT_Arlington		SB	24 7	10.58	110.6	66	100.0	77	70.0	84	.038	84	0.36	133	104.7	155	104.3	125	6.86	29
70	Illinois		B10	18 14	10.56	107.8	114	97.3	46	66.3	265	.040	80	9.34	32	110.3	26	101.0	46	0.52	153
71	Colorado		P12	19 13	10.40	111.8	56	101.4	100	67.7	202	-.038	275	4.51	74	107.5	73	103.0	90	-0.56	181
72	Ohio_St.		B10	17 15	10.38	111.6	59	101.2	97	68.0	191	-.054	304	7.41	55	107.6	69	100.2	28	-4.09	286
73	Texas			B12	11 21	10.10	104.6	171	94.5	26	67.8	200	-.103	347	13.46	3	112.7	1	99.2	10	2.02	109
74	UCF			Amer	20 10	9.70	102.9	208	93.2	17	65.9	275	.008	173	1.38	111	104.6	160	103.2	97	-6.19	329
75	Pittsburgh		ACC	16 17	9.65	113.1	46	103.5	148	65.5	291	.044	75	11.69	13	111.5	10	99.8	20	0.59	150
76	BYU			WCC	22 11	9.63	109.2	88	99.6	71	75.5	4	.010	167	0.43	130	104.5	163	104.1	118	-2.09	225
77	Mississippi		SEC	19 12	8.97	110.0	75	101.0	94	71.7	32	.075	27	6.99	59	107.8	64	100.8	42	-0.11	170
78	Monmouth		MAAC	27 6	8.85	109.2	91	100.3	85	72.5	22	.080	21	-2.75	213	103.6	216	106.3	225	2.40	97
79	Bucknell		Pat	26 8	8.70	109.2	87	100.5	89	69.8	88	.018	138	-4.23	265	101.2	311	105.4	164	1.16	131
80	San_Diego_St.		MWC	18 13	8.37	103.0	205	94.7	28	64.9	306	-.097	343	0.75	125	104.6	161	103.8	112	-1.38	209
81	Georgia_Tech		ACC	17 15	8.35	99.2	269	90.9	8	68.0	194	.046	72	9.35	31	110.9	18	101.6	63	-4.71	301
82	Auburn			SEC	18 14	8.33	112.0	52	103.6	153	73.6	12	.045	74	7.23	58	107.7	67	100.5	33	2.15	105
83	Louisiana_Tech		CUSA	23 9	8.23	108.2	109	99.9	75	68.9	125	-.066	319	-5.66	300	100.9	320	106.6	236	-5.84	324
84	Davidson		A10	16 14	8.15	108.6	101	100.4	87	68.6	148	-.056	308	3.97	76	106.8	79	102.9	88	2.51	91
85	St._Bonaventure		A10	20 11	7.57	109.7	80	102.1	110	68.5	155	-.024	248	0.12	137	104.9	148	104.8	138	-4.04	284
86	College_of_Charleston	CAA	25 9	7.51	106.1	146	98.6	64	64.3	317	.064	39	0.06	140	106.0	95	106.0	189	0.64	147
87	Penn_St.		B10	15 18	7.51	104.9	164	97.4	48	70.5	64	-.013	223	9.20	36	108.8	53	99.6	15	1.09	134
88	Boise_St.		MWC	19 10	7.48	109.7	78	102.3	113	69.5	98	.017	141	2.23	95	105.8	101	103.5	103	1.78	118
89	Memphis			Amer	19 12	7.48	107.8	116	100.3	86	68.5	154	.011	160	1.64	100	104.7	154	103.1	93	-4.28	293
90	Belmont			OVC	22 6	7.45	110.6	67	103.1	136	68.1	188	.067	34	-2.41	202	103.9	203	106.3	222	3.61	66
91	Richmond		A10	19 11	7.33	108.6	102	101.2	98	69.5	97	.019	132	2.33	93	105.4	120	103.1	91	-1.13	204
92	Colorado_St.		MWC	21 10	7.30	108.0	112	100.7	93	65.9	274	.025	116	0.96	122	104.4	168	103.5	101	-1.20	207
93	Mississippi_St.		SEC	16 16	6.81	106.6	136	99.8	74	69.0	124	-.032	258	5.33	71	106.3	85	101.0	49	-5.77	320
94	Connecticut		Amer	14 16	6.64	104.7	167	98.1	58	64.6	311	-.061	314	6.62	64	107.8	65	101.1	53	5.70	40
95	St._John's		BE	14 19	6.55	109.2	90	102.6	123	73.3	13	-.039	280	9.86	26	110.2	30	100.3	30	-2.20	229
96	Akron			MAC	25 7	6.46	113.5	41	107.1	213	65.7	283	.085	17	-2.21	200	104.0	190	106.2	221	-4.37	296
97	New_Mexico_St.		WAC	25 5	6.44	110.4	70	103.9	159	67.7	203	.061	42	-5.46	296	101.0	319	106.4	229	-4.28	294
98	Loyola_Chicago		MVC	18 14	6.40	109.0	93	102.6	126	65.8	281	-.104	348	-0.14	146	103.7	213	103.8	110	-4.18	288
99	Valparaiso		Horz	24 8	6.28	106.9	130	100.6	91	67.0	234	.056	49	-3.38	239	102.8	255	106.2	220	0.26	157
100	Fresno_St.		MWC	20 11	6.19	105.3	159	99.1	67	68.3	171	.009	169	1.56	104	105.1	135	103.5	104	-2.06	222
101	Ohio			MAC	20 10	5.92	106.1	147	100.2	82	70.4	66	-.057	312	-2.73	212	103.8	211	106.5	232	-6.48	333
102	UNC_Asheville		BSth	23 9	5.82	107.8	115	102.0	109	68.1	180	.017	140	-4.75	274	102.1	276	106.9	260	7.24	26
103	North_Carolina_St.	ACC	15 17	5.71	113.1	44	107.4	222	70.4	65	.019	133	8.72	43	109.3	46	100.5	34	-5.55	317
104	Stanford		P12	14 17	5.69	105.0	161	99.3	68	68.6	153	-.008	207	8.81	41	110.2	28	101.4	56	6.55	33
105	San_Francisco		WCC	20 12	5.35	103.5	190	98.2	60	68.8	131	.019	131	-0.96	168	104.2	181	105.2	150	-5.53	316
106	Furman			SC	21 11	5.31	107.5	120	102.2	111	65.6	285	-.005	197	-1.08	169	105.0	141	106.1	207	0.73	143
107	Nebraska		B10	12 19	5.25	105.3	157	100.1	80	68.1	181	.011	163	11.99	9	111.5	12	99.5	12	7.75	21
108	Florida_Gulf_Coast	ASun	26 7	5.20	110.0	76	104.7	171	65.3	299	.051	63	-4.69	271	103.9	201	108.6	329	3.30	70
109	Harvard			Ivy	18 9	5.18	107.2	127	102.0	107	66.9	236	-.053	301	-2.43	203	103.2	232	105.6	177	-0.10	168
110	Cal_St._Bakersfield	WAC	21 8	5.14	99.0	276	93.9	23	66.6	251	-.016	231	-4.08	255	102.0	283	106.1	202	-0.97	197
111	Saint_Peter's		MAAC	19 13	4.86	102.8	210	98.0	57	60.8	348	-.054	302	-3.22	235	103.9	196	107.1	272	-1.77	216
112	Oakland			Horz	24 8	4.85	103.9	186	99.0	66	72.0	26	-.006	198	-5.06	285	102.4	269	107.4	280	-5.15	312
113	George_Mason		A10	20 12	4.83	109.2	89	104.3	165	68.6	151	.037	85	1.06	117	103.9	198	102.8	87	-3.06	254
114	Winthrop		BSth	26 6	4.74	106.7	135	102.0	108	71.1	45	.029	103	-7.34	326	100.6	324	108.0	308	2.95	75
115	Chattanooga		SC	19 12	4.60	106.8	133	102.2	112	65.5	290	-.010	217	-0.43	154	106.1	91	106.5	233	2.64	88
116	Towson			CAA	20 13	4.34	105.7	152	101.3	99	68.0	193	-.009	213	-0.04	142	105.6	109	105.6	175	-0.84	192
117	Temple			Amer	16 16	4.17	108.8	98	104.6	170	67.2	226	.015	153	3.92	78	105.3	125	101.4	55	1.52	123
118	Iona			MAAC	22 12	3.99	110.5	69	106.5	204	70.7	56	.011	164	-2.44	205	103.6	214	106.1	205	0.28	156
119	Lehigh			Pat	20 12	3.80	107.4	122	103.6	152	69.7	93	-.034	263	-2.50	206	102.0	281	104.5	130	3.74	62
120	Georgia_St.		SB	19 11	3.68	105.4	156	101.8	104	68.0	195	.016	148	-0.90	164	104.5	166	105.3	158	2.54	90
121	UNC_Greensboro		SC	25 9	3.68	108.0	111	104.3	166	66.6	252	.118	2	-1.40	174	104.9	147	106.3	223	-0.72	185
122	Old_Dominion		CUSA	19 11	3.58	101.3	233	97.8	53	61.3	347	.004	178	-2.11	196	104.0	192	106.1	210	2.07	108
123	George_Washington	A10	18 13	3.30	109.0	95	105.7	188	65.9	273	.076	26	2.68	89	105.0	142	102.3	74	-1.01	198
124	Buffalo			MAC	17 14	3.28	105.8	151	102.5	120	71.5	35	-.039	279	-0.15	147	105.7	104	105.9	186	2.78	82
125	Arkansas_St.		SB	20 12	3.25	106.6	137	103.4	141	67.4	219	.022	126	-0.78	160	104.1	187	104.9	139	3.52	68
126	New_Mexico		MWC	17 14	3.18	106.6	139	103.4	143	69.0	122	.024	120	2.29	94	105.5	118	103.2	96	-0.96	196
127	Rutgers			B10	15 17	3.08	101.5	230	98.4	61	66.4	263	.002	181	6.88	60	107.6	70	100.7	39	-8.83	347
128	Santa_Clara		WCC	17 16	3.05	105.6	153	102.6	122	62.7	342	-.014	228	0.96	123	104.2	184	103.2	98	-4.37	295
129	Albany			AE	21 12	2.81	108.4	107	105.6	184	64.3	316	-.013	224	-5.46	295	101.8	293	107.3	275	-1.74	214
130	Toledo			MAC	17 16	2.57	108.8	96	106.2	200	66.6	250	-.071	326	-0.96	167	105.1	134	106.1	206	0.64	146
131	Arizona_St.		P12	15 18	2.54	112.0	53	109.4	265	70.1	75	.035	89	6.65	62	108.7	55	102.1	69	-0.77	187
132	William_&_Mary		CAA	17 14	2.32	112.2	50	109.9	274	71.0	48	-.003	192	0.97	121	106.0	93	105.1	146	1.44	126
133	UC_Irvine		BW	19 13	2.25	102.1	220	99.8	73	66.8	243	-.011	220	-3.15	233	103.0	249	106.1	208	7.27	25
134	Missouri_St.		MVC	17 16	2.24	108.5	105	106.2	201	66.1	268	-.055	307	0.15	136	103.9	194	103.8	109	-5.92	326
135	Louisiana_Lafayette	SB	21 11	2.22	111.6	58	109.4	263	72.2	25	.043	77	-2.01	190	103.2	235	105.2	152	-3.58	274
136	Elon			CAA	18 14	2.18	104.5	174	102.3	116	67.9	198	-.021	240	-0.35	153	105.7	103	106.1	203	-1.47	211
137	Utah_St.		MWC	15 17	2.12	107.0	129	104.8	174	66.6	255	-.066	320	2.06	97	105.2	132	103.1	95	-0.45	178
138	La_Salle		A10	15 15	1.93	110.7	64	108.8	249	68.7	142	.028	108	2.73	88	105.5	117	102.7	85	1.67	121
139	Wofford			SC	16 17	1.83	110.2	72	108.4	239	66.9	238	-.067	321	1.62	103	106.0	94	104.4	127	7.30	24
140	Mercer			SC	15 17	1.83	110.0	73	108.2	233	61.7	346	-.064	317	0.98	120	106.0	96	105.0	144	4.58	51
141	Tulsa			Amer	15 16	1.77	104.8	166	103.0	132	68.2	176	.055	52	4.50	75	105.5	113	101.0	50	2.30	100
142	South_Dakota		Sum	22 11	1.60	104.0	184	102.4	117	70.8	52	.071	31	-2.76	215	105.6	106	108.4	324	-1.50	212
143	Fort_Wayne		Sum	19 12	1.43	109.7	79	108.3	238	71.4	37	-.036	270	-3.13	231	105.8	100	109.0	333	-3.83	282
144	Wyoming			MWC	18 14	1.31	103.6	189	102.3	115	73.6	11	.010	168	0.39	132	105.0	143	104.6	133	-1.96	220
145	Northern_Kentucky	Horz	24 10	1.26	106.8	134	105.5	183	68.0	190	.082	18	-3.84	249	102.8	258	106.7	246	-2.33	233
146	Eastern_Michigan	MAC	16 17	1.26	106.2	145	104.9	175	68.2	178	-.078	332	1.05	118	107.0	77	106.0	195	5.74	38
147	Yale			Ivy	17 10	1.26	105.8	149	104.6	169	68.4	162	.046	71	-2.43	204	103.8	209	106.2	219	-0.81	191
148	Southern_Illinois	MVC	17 16	1.15	104.9	163	103.8	157	65.4	294	.047	70	1.63	101	104.6	162	102.9	89	-2.50	237
149	Samford			SC	19 15	1.00	108.5	106	107.5	224	68.8	133	-.042	286	-1.90	187	104.3	177	106.2	216	-3.27	265
150	Rice			CUSA	22 11	0.96	108.1	110	107.2	215	72.4	23	-.024	249	-5.10	288	101.8	292	106.9	262	-5.56	318
151	Georgia_Southern	SB	18 13	0.85	106.5	140	105.7	186	69.1	112	.033	93	-0.46	155	105.4	121	105.8	184	2.51	92
152	Kent_St.		MAC	19 13	0.82	104.5	175	103.7	154	68.8	135	-.009	212	-2.83	216	103.9	195	106.7	253	-5.38	314
153	Evansville		MVC	16 17	0.81	104.3	181	103.5	146	66.8	239	-.024	246	1.48	108	105.0	144	103.5	102	-2.15	228
154	Massachusetts		A10	15 18	0.77	100.9	244	100.1	81	71.9	28	-.042	285	1.43	110	105.3	123	103.9	114	-4.07	285
155	Troy			SB	19 14	0.71	109.6	82	108.9	250	68.3	174	-.046	290	-3.08	230	102.4	270	105.5	165	-6.64	335
156	Northeastern		CAA	15 16	0.64	107.3	124	106.7	210	66.1	270	-.014	226	1.31	115	105.6	108	104.3	122	2.67	86
157	Jacksonville_St.	OVC	20 14	0.57	105.6	154	105.0	178	63.7	329	.029	106	-1.99	189	104.2	180	106.2	217	1.28	127
158	Missouri		SEC	8 23	0.49	101.0	242	100.5	88	68.2	179	-.159	350	6.63	63	108.2	61	101.5	61	-4.88	305
159	Boston_College		ACC	9 23	0.44	104.5	172	104.1	163	71.2	43	-.032	260	9.34	33	110.9	19	101.6	64	-5.84	323
160	Tennessee_St.		OVC	17 13	0.40	100.4	251	100.0	76	67.0	235	-.016	232	-2.05	193	104.8	152	106.9	259	3.76	61
161	Western_Michigan	MAC	16 16	0.37	107.2	125	106.8	211	67.9	197	-.016	230	-0.13	143	105.9	99	106.0	196	2.38	98
162	Lipscomb		ASun	20 13	0.35	107.5	121	107.1	214	74.2	6	-.017	236	-4.14	259	103.5	222	107.6	295	1.26	130
163	North_Carolina_Central	MEAC	23 8	0.12	103.3	196	103.2	137	66.3	266	-.047	291	-12.09	349	98.2	348	110.3	349	-0.31	175
164	North_Dakota_St.	Sum	19 11	0.10	104.6	170	104.5	167	66.8	244	.081	20	-1.58	178	106.0	97	107.5	290	0.65	145
165	Penn			Ivy	13 14	0.06	103.1	201	103.1	134	66.6	254	-.045	288	-1.47	176	103.8	208	105.3	154	0.83	139
166	Grand_Canyon		WAC	22 9	0.06	101.2	238	101.2	96	69.0	123	.078	23	-6.51	315	100.2	330	106.7	245	-7.66	342
167	Wright_St.		Horz	20 12	0.05	106.6	138	106.6	207	69.1	115	.056	51	-2.08	195	103.2	236	105.3	155	1.02	136
168	Marshall		CUSA	18 14	-0.01	110.5	68	110.6	288	78.2	3	.020	129	-1.90	186	103.3	228	105.2	153	1.28	128
169	Loyola_Marymount	WCC	15 15	-0.02	103.4	193	103.5	147	67.4	218	.025	113	0.69	126	105.3	122	104.6	134	-4.54	298
170	Washington		P12	9 22	-0.07	107.9	113	108.0	229	71.1	47	-.102	346	6.84	61	109.4	41	102.6	81	-2.25	231
171	Northern_Iowa		MVC	14 16	-0.09	97.7	298	97.8	52	63.5	332	.054	56	4.82	72	107.5	72	102.7	84	7.95	20
172	Siena			MAAC	17 17	-0.32	106.3	141	106.6	208	68.7	138	-.009	215	-0.88	162	104.8	151	105.7	179	6.14	36
173	LSU			SEC	10 21	-0.45	109.5	84	110.0	277	71.9	27	.008	174	9.45	29	109.1	50	99.7	16	3.71	64
174	Nebraska_Omaha		Sum	18 14	-0.45	108.6	100	109.1	257	73.8	9	.086	15	-0.17	149	106.5	81	106.7	250	4.34	53
175	Ball_St.		MAC	21 11	-0.52	105.3	158	105.8	191	70.8	50	.066	37	-4.20	262	103.0	250	107.2	273	-10.47	350
176	New_Hampshire		AE	20 12	-0.54	102.6	214	103.1	135	65.5	292	.063	40	-3.94	251	103.1	238	107.1	270	-0.11	169
177	North_Dakota		BSky	20 9	-0.57	103.2	198	103.8	156	71.3	42	.027	110	-6.61	317	102.4	266	109.1	337	3.29	71
178	Gardner_Webb		BSth	19 14	-0.65	103.0	207	103.6	150	70.8	54	-.041	282	-5.12	290	101.8	291	106.9	264	4.94	45
179	Saint_Joseph's		A10	11 20	-1.00	102.4	215	103.4	142	68.4	164	-.032	256	3.85	79	106.4	83	102.5	80	3.74	63
180	DePaul			BE	9 23	-1.00	103.5	191	104.5	168	67.6	212	-.069	325	7.47	54	109.3	45	101.8	66	-6.79	336
181	New_Orleans		Slnd	18 11	-1.11	100.4	250	101.5	101	66.8	245	.048	68	-5.06	286	102.8	256	107.9	304	8.53	16
182	Hofstra			CAA	15 17	-1.28	111.3	60	112.6	312	67.6	210	-.035	267	-0.96	166	104.5	165	105.5	166	-2.33	234
183	South_Dakota_St.	Sum	18 16	-1.32	110.9	61	112.2	308	67.2	222	.029	105	-0.92	165	105.0	145	105.9	187	1.84	116
184	Green_Bay		Horz	18 13	-1.36	102.1	221	103.4	144	74.2	7	.040	81	-2.86	218	104.0	189	106.9	261	-0.08	166
185	Weber_St.		BSky	17 12	-1.44	107.6	118	109.1	256	66.5	258	-.027	252	-4.83	277	103.3	229	108.1	312	1.45	124
186	Denver			Sum	16 14	-1.52	107.8	117	109.3	259	66.8	242	-.007	204	-3.37	238	104.2	185	107.5	287	-4.96	307
187	Eastern_Washington	BSky	21 10	-1.61	108.8	97	110.4	287	66.6	253	.108	3	-5.54	297	102.9	254	108.4	325	2.21	102
188	Canisius		MAAC	18 15	-1.62	108.5	104	110.1	282	69.7	90	.016	145	-2.89	222	103.1	239	106.0	194	-0.69	183
189	Utah_Valley		WAC	15 15	-1.88	100.6	248	102.5	119	73.6	10	-.067	322	-2.72	211	102.0	280	104.8	136	1.55	122
190	East_Carolina		Amer	15 17	-1.97	96.5	313	98.5	62	66.7	248	.025	114	0.41	131	104.9	146	104.5	132	-10.28	349
191	Texas_St.		SB	18 12	-2.02	102.0	223	104.0	161	62.0	345	.037	87	-3.84	248	102.8	259	106.6	242	-8.01	345
192	Boston_University	Pat	18 14	-2.06	101.6	228	103.7	155	69.7	89	.003	179	-4.07	254	102.0	282	106.1	201	-0.37	177
193	Washington_St.		P12	13 18	-2.08	104.5	173	106.6	209	67.7	208	.067	35	6.39	67	109.2	49	102.8	86	-3.19	261
194	UMBC			AE	18 12	-2.13	108.5	103	110.7	289	70.5	62	.009	171	-4.94	279	102.2	275	107.1	271	-2.76	245
195	Coastal_Carolina	SB	16 16	-2.22	103.8	188	106.0	194	67.8	199	.023	123	-0.16	148	104.8	153	105.0	142	1.84	115
196	UTEP			CUSA	15 16	-2.45	100.3	254	102.7	127	66.0	271	-.046	289	-3.72	244	102.9	252	106.6	241	-2.51	238
197	Montana			BSky	16 16	-2.48	106.2	143	108.7	247	66.8	246	-.051	296	-4.94	280	103.4	225	108.4	323	0.73	142
198	UAB			CUSA	17 16	-2.54	104.0	183	106.5	206	66.1	269	-.008	208	-2.04	192	103.9	199	105.9	188	0.63	148
199	IUPUI			Sum	14 18	-2.77	107.2	126	109.9	275	69.3	104	-.036	272	-0.23	151	106.0	98	106.2	218	3.96	60
200	Murray_St.		OVC	16 17	-2.77	107.3	123	110.1	280	68.7	139	-.087	340	-3.79	246	103.8	207	107.6	291	0.22	158
201	Indiana_St.		MVC	11 20	-2.81	99.7	264	102.5	118	69.7	91	-.009	214	2.87	86	105.5	116	102.6	82	2.02	110
202	Fordham			A10	13 19	-2.84	97.2	304	100.1	78	64.3	318	-.023	245	1.55	106	105.2	129	103.7	106	-2.71	243
203	Texas_Southern		SWAC	21 11	-3.11	106.2	142	109.3	261	68.4	161	.103	5	-8.20	331	100.4	328	108.6	328	13.28	3
204	Morehead_St.		OVC	14 16	-3.20	106.9	131	110.1	281	68.6	147	-.005	196	-0.74	157	105.4	119	106.2	215	4.74	49
205	Fairfield		MAAC	16 14	-3.53	99.5	266	103.0	133	69.1	111	.052	61	-2.86	220	103.8	204	106.7	247	-2.26	232
206	Northern_Illinois	MAC	15 17	-3.58	99.0	278	102.6	121	66.8	241	-.038	277	-2.19	199	104.4	171	106.6	240	-5.35	313
207	Texas_A&M_Corpus_Chris	Slnd	19 10	-3.60	102.7	213	106.3	202	68.2	177	.090	9	-6.46	313	101.8	294	108.2	319	2.28	101
208	Navy			Pat	16 16	-3.76	99.9	260	103.6	151	64.3	319	-.012	221	-4.02	253	101.7	297	105.8	182	-2.66	240
209	Liberty			BSth	19 13	-3.82	99.7	263	103.5	149	62.8	341	.030	102	-5.56	299	102.6	264	108.1	311	3.67	65
210	Rider			MAAC	18 15	-3.86	100.9	243	104.8	172	72.3	24	.047	69	-4.15	261	102.9	253	107.0	267	-5.42	315
211	Stony_Brook		AE	18 13	-3.89	102.2	219	106.1	195	65.9	276	.066	36	-5.40	293	102.4	267	107.8	301	-2.78	246
212	Tennessee_Martin	OVC	21 12	-3.91	107.1	128	111.0	298	67.4	217	.121	1	-4.32	267	103.0	244	107.3	277	-2.11	227
213	Houston_Baptist		Slnd	17 13	-4.13	105.2	160	109.3	262	70.1	77	.054	55	-3.21	234	102.9	251	106.2	214	14.13	2
214	Mount_St._Mary's	NEC	19 15	-4.20	99.1	272	103.3	140	67.0	233	.060	44	-5.11	289	101.9	287	107.0	266	11.83	7
215	Bradley			MVC	13 20	-4.31	98.7	287	103.0	130	67.6	214	.018	136	2.85	87	106.2	88	103.4	100	0.86	138
216	San_Jose_St.		MWC	14 16	-4.34	100.4	249	104.8	173	70.7	55	.077	24	1.33	114	105.5	115	104.2	121	-4.19	289
217	Lamar			Slnd	19 13	-4.59	103.9	185	108.5	240	68.1	186	-.007	206	-7.22	324	100.4	327	107.6	294	-3.57	273
218	Holy_Cross		Pat	15 17	-4.61	98.7	285	103.3	138	60.4	349	.022	125	-2.92	226	102.2	274	105.1	147	0.55	151
219	Air_Force		MWC	12 20	-4.69	104.8	165	109.5	269	67.1	229	-.072	327	0.08	139	104.4	172	104.3	124	-5.85	325
220	UMKC			WAC	16 15	-4.89	103.8	187	108.7	248	70.9	49	.055	53	-2.08	194	103.4	226	105.5	169	1.04	135
221	Eastern_Illinois	OVC	14 15	-5.05	100.1	256	105.2	180	68.6	144	-.049	293	-4.76	275	103.0	245	107.7	299	-3.26	263
222	James_Madison		CAA	10 23	-5.12	99.0	275	104.2	164	64.0	325	-.065	318	-0.21	150	106.3	84	106.6	235	-2.04	221
223	Duquesne		A10	10 22	-5.15	102.0	222	107.2	216	70.0	80	-.075	329	-0.67	156	103.6	215	104.3	123	-7.91	344
224	UC_Davis		BW	20 12	-5.19	98.9	280	104.1	162	69.0	119	.089	11	-6.25	311	100.5	325	106.7	252	-1.09	201
225	Idaho			BSky	18 12	-5.32	101.9	226	107.2	217	66.5	256	.064	38	-6.18	309	103.0	248	109.2	339	-1.03	200
226	Sam_Houston_St.		Slnd	21 12	-5.67	97.3	301	103.0	131	70.3	70	.108	4	-6.22	310	101.7	298	107.9	306	2.95	76
227	USC_Upstate		ASun	17 15	-5.91	105.5	155	111.4	300	68.1	184	.013	156	-4.29	266	103.8	205	108.1	313	-0.69	184
228	Southeastern_Louisiana	Slnd	16 16	-5.91	98.1	292	104.0	160	67.2	228	-.054	306	-6.99	322	101.4	310	108.3	322	-2.79	248
229	Southeast_Missouri_St.	OVC	15 18	-6.06	103.4	194	109.5	267	68.6	152	-.038	276	-4.21	263	103.5	224	107.7	297	-2.78	247
230	Central_Michigan	MAC	16 16	-6.08	111.7	57	117.8	344	75.3	5	.053	57	-1.83	185	103.5	221	105.4	160	-5.06	309
231	Stephen_F._Austin	Slnd	17 13	-6.09	96.2	318	102.3	114	66.5	261	.046	73	-5.82	304	102.3	271	108.1	314	2.46	95
232	Long_Beach_St.		BW	14 18	-6.14	104.7	168	110.8	291	70.1	79	.042	78	-1.21	173	103.6	217	104.8	137	12.77	4
233	Columbia		Ivy	11 16	-6.21	101.2	235	107.5	223	68.9	127	-.022	241	-2.88	221	103.1	242	106.0	190	-3.54	272
234	Western_Kentucky	CUSA	15 17	-6.27	103.1	204	109.3	260	65.9	277	.048	67	-2.92	224	103.2	234	106.1	211	-3.36	266
235	Oral_Roberts		Sum	8 22	-6.30	104.6	169	110.9	295	69.1	114	-.077	331	2.23	96	107.2	76	104.9	140	8.88	13
236	Charlotte		CUSA	13 17	-6.30	103.4	195	109.7	272	72.8	17	.033	94	-1.62	180	103.7	212	105.3	157	2.43	96
237	Army			Pat	13 19	-6.38	98.6	288	105.0	177	71.4	36	-.063	316	-4.46	268	101.6	300	106.1	200	-3.46	270
238	Tulane			Amer	6 25	-6.44	103.0	206	109.4	266	70.5	63	-.075	330	3.96	77	105.3	127	101.3	54	-1.10	203
239	South_Alabama		SB	14 18	-6.49	99.0	277	105.5	182	69.8	87	.012	158	-2.04	191	104.3	176	106.3	224	-5.61	319
240	Little_Rock		SB	15 17	-6.61	98.4	291	105.0	176	63.4	335	.023	122	-3.35	237	104.3	178	107.6	292	-7.01	337
241	Pacific			WCC	11 22	-6.68	99.8	261	106.4	203	66.5	259	-.003	193	1.67	99	105.6	110	103.9	115	-2.34	235
242	Montana_St.		BSky	16 16	-6.70	103.2	197	109.9	276	69.4	103	-.025	250	-6.47	314	103.5	220	110.0	346	-2.41	236
243	Portland_St.		BSky	15 16	-6.81	104.4	178	111.2	299	72.7	18	-.057	310	-6.40	312	102.1	278	108.5	327	0.06	163
244	Cleveland_St.		Horz	9 22	-6.86	96.6	310	103.4	145	65.4	293	-.090	342	-0.89	163	105.1	138	106.0	192	5.19	43
245	Illinois_Chicago	Horz	15 18	-6.99	101.1	240	108.1	232	71.8	29	-.002	189	-3.95	252	101.9	290	105.8	183	-5.07	310
246	Wagner			NEC	16 14	-7.06	101.2	237	108.3	236	63.0	339	-.024	247	-8.60	334	99.0	342	107.6	296	-0.52	180
247	Drexel			CAA	9 23	-7.12	103.1	203	110.2	285	70.4	68	-.089	341	-0.78	159	104.9	150	105.7	178	-3.37	267
248	Bowling_Green		MAC	13 19	-7.22	100.2	255	107.4	220	70.0	83	.010	166	-1.46	175	104.2	183	105.6	176	-5.81	322
249	Kennesaw_St.		ASun	14 18	-7.29	102.8	209	110.1	284	69.5	99	.000	184	-4.14	260	104.1	188	108.2	317	-3.01	253
250	Loyola_MD		Pat	15 16	-7.31	98.8	282	106.2	199	65.6	286	.079	22	-3.56	243	101.9	289	105.4	163	0.65	144
251	UNLV			MWC	11 21	-7.34	98.4	290	105.8	189	68.4	163	-.007	205	1.02	119	105.2	131	104.2	120	-3.80	278
252	North_Florida		ASun	15 19	-7.53	102.0	224	109.5	268	70.0	82	.025	119	0.01	141	106.4	82	106.4	226	7.06	27
253	UTSA			CUSA	14 19	-7.57	95.3	324	102.8	128	68.1	187	.016	149	-2.59	207	103.0	247	105.6	173	-1.17	205
254	LIU_Brooklyn		NEC	20 12	-7.64	100.3	253	107.9	228	67.0	232	.081	19	-9.38	340	98.9	344	108.3	321	-5.05	308
255	Louisiana_Monroe	SB	9 23	-7.77	99.1	274	106.9	212	65.0	305	-.117	349	-0.76	158	104.2	179	105.0	143	-3.19	260
256	St._Francis_PA		NEC	16 16	-7.84	102.3	218	110.1	283	70.1	76	-.007	200	-8.12	329	99.8	333	107.9	305	-0.62	182
257	Niagara			MAAC	10 23	-8.12	101.4	231	109.6	271	69.1	118	-.067	323	-3.40	240	103.2	233	106.6	239	-4.28	292
258	Tennessee_Tech		OVC	12 20	-8.13	99.1	273	107.2	218	68.3	169	-.058	313	-2.99	227	103.8	210	106.8	254	-2.08	224
259	San_Diego		WCC	13 18	-8.15	100.3	252	108.5	241	63.3	336	.058	47	-0.29	152	104.4	167	104.7	135	-6.54	334
260	Drake			MVC	7 24	-8.25	103.2	200	111.4	301	69.5	95	-.083	336	1.31	116	104.4	173	103.1	92	-3.26	264
261	Milwaukee		Horz	11 24	-8.53	100.0	257	108.6	242	62.6	343	-.023	242	-1.13	171	104.4	170	105.6	172	2.67	87
262	Cal_St._Fullerton	BW	17 13	-8.61	97.2	303	105.8	190	68.9	129	.050	64	-8.85	336	100.1	331	109.0	334	-7.74	343
263	Hawaii			BW	14 15	-8.69	97.4	300	106.1	197	67.2	223	-.007	201	-8.16	330	99.4	337	107.5	284	-5.81	321
264	Cornell			Ivy	8 21	-8.73	99.9	259	108.6	244	69.7	92	-.032	257	-0.14	144	105.6	107	105.7	180	1.88	114
265	Robert_Morris		NEC	14 19	-8.84	91.8	340	100.6	92	68.8	130	.032	98	-5.05	283	101.5	307	106.5	234	4.36	52
266	Oregon_St.		P12	5 27	-8.88	97.2	305	106.1	196	64.6	313	-.067	324	6.09	68	108.4	59	102.3	73	-4.71	300
267	Fairleigh_Dickinson	NEC	11 19	-8.91	103.2	199	112.1	305	69.1	116	-.051	295	-4.73	273	100.8	323	105.5	168	7.98	19
268	High_Point		BSth	15 16	-9.12	99.2	270	108.3	237	65.7	282	-.004	195	-5.88	305	101.5	305	107.3	278	0.39	154
269	Colgate			Pat	10 22	-9.15	98.7	286	107.8	226	65.1	303	-.013	222	-2.69	210	102.8	257	105.5	170	-0.47	179
270	Jacksonville		ASun	17 15	-9.18	102.8	211	112.0	304	67.7	201	.017	143	-7.01	323	103.0	243	110.0	347	-8.60	346
271	Appalachian_St.		SB	9 21	-9.18	99.7	262	108.9	252	70.6	59	-.039	278	0.12	138	104.6	158	104.5	131	0.18	159
272	Saint_Louis		A10	12 20	-9.42	96.5	312	105.9	193	63.5	331	.091	8	1.44	109	105.5	111	104.1	117	-4.55	299
273	Florida_Atlantic	CUSA	10 20	-9.44	98.7	284	108.2	234	68.9	128	-.036	271	-2.41	201	103.6	218	106.0	191	-1.30	208
274	Eastern_Kentucky	OVC	12 19	-9.56	98.5	289	108.0	231	67.6	215	.015	152	-1.60	179	105.0	139	106.6	243	0.63	149
275	FIU			CUSA	7 24	-9.61	103.1	202	112.7	314	65.0	304	-.171	351	-3.47	242	102.3	273	105.8	181	-4.12	287
276	Seattle			WAC	13 17	-9.77	95.5	323	105.2	181	67.6	211	-.023	243	-4.97	282	101.5	306	106.4	230	-6.38	330
277	Brown			Ivy	13 17	-9.82	104.4	179	114.2	324	71.3	41	.017	142	-5.07	287	101.5	302	106.6	238	-9.25	348
278	Portland		WCC	11 22	-9.96	99.0	279	108.9	253	65.9	278	.011	161	1.55	105	105.5	112	104.0	116	-3.51	271
279	Miami_OH		MAC	11 21	-10.14	96.0	320	106.1	198	68.6	146	.052	60	-1.97	188	104.7	156	106.7	244	-6.43	331
280	Bryant			NEC	12 20	-10.32	101.9	225	112.2	307	69.2	109	-.014	225	-5.97	306	101.0	318	106.9	263	3.54	67
281	NJIT			ASun	11 20	-10.38	98.9	281	109.2	258	67.7	207	.029	104	-2.86	219	105.1	136	108.0	307	0.02	164
282	Youngstown_St.		Horz	13 21	-10.52	102.7	212	113.2	318	71.8	31	.077	25	-2.11	197	103.4	227	105.5	167	-1.41	210
283	Cal_St._Northridge	BW	11 19	-10.56	104.1	182	114.7	331	72.7	20	-.032	259	-5.81	303	100.2	329	106.0	199	1.10	132
284	Northern_Colorado	BSky	11 18	-10.65	96.8	309	107.4	221	68.6	149	-.026	251	-4.21	264	103.9	200	108.1	310	8.77	14
285	The_Citadel		SC	12 21	-10.73	105.8	150	116.6	340	79.8	2	.023	121	-0.87	161	105.2	130	106.1	204	-1.87	219
286	Manhattan		MAAC	10 22	-10.81	97.1	306	107.9	227	68.9	126	-.000	186	-2.13	198	103.9	202	106.0	197	-0.34	176
287	Sacramento_St.		BSky	13 17	-10.88	101.2	236	112.1	306	65.4	296	.044	76	-5.54	298	102.7	260	108.2	318	2.09	107
288	Delaware		CAA	13 20	-11.11	97.5	299	108.6	245	64.9	308	.089	12	0.33	134	106.7	80	106.4	227	-2.86	250
289	Austin_Peay		OVC	11 19	-11.14	106.2	144	117.3	342	70.0	81	.040	82	-1.67	181	105.0	140	106.7	249	3.35	69
290	Campbell		BSth	17 17	-11.29	99.6	265	110.9	294	65.6	288	.035	90	-7.31	325	101.6	301	108.9	331	-4.87	304
291	Northwestern_St.	Slnd	13 16	-11.30	101.4	232	112.7	313	71.3	39	.028	107	-4.70	272	101.7	296	106.4	231	7.56	22
292	UMass_Lowell		AE	11 20	-11.34	104.5	176	115.8	337	71.8	30	-.036	269	-6.06	307	101.5	304	107.5	286	-6.45	332
293	Radford			BSth	14 18	-11.58	96.4	314	108.0	230	64.0	326	.060	45	-3.74	245	103.8	206	107.5	289	9.41	9
294	Alcorn_St.		SWAC	17 13	-11.60	96.0	319	107.6	225	67.9	196	.069	32	-10.66	344	98.3	347	109.0	335	11.49	8
295	South_Florida		Amer	7 22	-11.60	97.0	308	108.6	243	68.3	172	-.016	233	1.34	112	104.0	191	102.7	83	-7.58	341
296	Quinnipiac		MAAC	10 21	-11.67	101.5	229	113.2	316	73.2	14	.027	111	-3.03	228	103.1	241	106.1	209	-3.17	259
297	Western_Illinois	Sum	8 20	-11.80	97.2	302	109.1	255	68.8	132	-.035	268	-1.52	177	105.3	126	106.8	255	-2.80	249
298	Abilene_Christian	Slnd	13 16	-12.00	97.0	307	109.0	254	65.8	279	.049	65	-5.67	301	102.0	284	107.6	293	1.72	120
299	Pepperdine		WCC	9 22	-12.04	102.3	217	114.4	327	68.6	150	.026	112	1.62	102	106.1	89	104.5	129	-1.50	213
300	Norfolk_St.		MEAC	16 15	-12.11	94.4	330	106.5	205	68.7	140	.088	13	-9.12	338	100.4	326	109.6	342	6.19	35
301	Sacred_Heart		NEC	13 19	-12.22	97.7	297	110.0	278	71.1	46	.018	135	-8.35	333	99.4	336	107.8	300	-4.93	306
302	Detroit			Horz	8 23	-12.36	102.4	216	114.7	333	72.7	19	.016	147	-1.12	170	104.0	193	105.1	148	2.85	81
303	Incarnate_Word		Slnd	12 17	-12.73	101.9	227	114.6	329	71.7	33	.032	99	-4.90	278	101.5	303	106.4	228	4.69	50
304	Dartmouth		Ivy	7 20	-12.95	99.4	267	112.3	310	67.4	216	.032	97	-2.68	209	102.6	261	105.3	156	-4.25	290
305	Hampton			MEAC	14 15	-13.02	94.3	331	107.3	219	68.1	183	.037	86	-9.70	343	99.2	341	108.9	332	2.10	106
306	UT_Rio_Grande_Valley	WAC	10 21	-13.14	101.1	241	114.2	325	73.9	8	-.027	253	-3.29	236	102.1	277	105.4	161	-3.06	255
307	American		Pat	8 22	-13.20	95.1	328	108.3	235	64.4	315	-.017	238	-4.08	256	101.9	286	106.0	193	-3.83	281
308	Cal_Poly		BW	11 20	-13.26	99.9	258	113.2	317	65.3	297	.013	157	-4.13	258	101.0	315	105.1	149	2.68	84
309	Charleston_Southern	BSth	12 19	-13.35	103.5	192	116.8	341	68.3	173	.007	176	-5.44	294	101.4	309	106.8	256	4.78	48
310	Central_Arkansas	Slnd	8 24	-13.53	104.3	180	117.8	345	71.1	44	-.014	229	-2.90	223	103.2	231	106.1	213	6.95	28
311	Prairie_View_A&M	SWAC	13 20	-13.53	97.9	295	111.4	302	67.7	205	-.017	237	-8.10	328	100.1	332	108.2	316	12.12	5
312	Binghamton		AE	12 20	-13.64	96.4	316	110.0	279	65.9	272	-.009	211	-4.82	276	102.6	262	107.4	281	-4.53	297
313	Nicholls_St.		Slnd	14 17	-13.73	100.7	247	114.4	328	69.5	100	.089	10	-3.43	241	103.3	230	106.7	251	8.52	17
314	Savannah_St.		MEAC	13 16	-13.81	100.8	245	114.6	330	81.1	1	.054	54	-9.29	339	99.3	340	108.6	330	7.50	23
315	Marist			MAAC	8 24	-13.91	100.8	246	114.7	332	66.9	237	.013	155	-1.78	184	104.4	174	106.1	212	-0.09	167
316	Maryland_Eastern_Shore	MEAC	13 19	-13.94	99.2	271	113.1	315	68.3	170	.021	127	-6.83	320	101.4	308	108.2	320	9.35	10
317	UC_Riverside		BW	8 20	-14.02	91.6	341	105.7	187	67.7	204	-.052	297	-4.95	281	101.8	295	106.7	248	1.77	119
318	McNeese_St.		Slnd	7 22	-14.03	96.4	315	110.4	286	70.0	85	-.057	311	-3.04	229	103.6	219	106.6	237	8.71	15
319	SIU_Edwardsville	OVC	6 24	-14.28	95.1	327	109.4	264	69.2	108	-.041	281	-2.75	214	104.5	164	107.3	276	0.33	155
320	Stetson			ASun	11 21	-14.30	101.1	239	115.4	335	72.5	21	-.002	191	-4.66	270	103.2	237	107.8	302	-5.12	311
321	North_Texas		CUSA	8 22	-14.41	96.6	311	111.0	296	70.1	74	-.080	334	-4.11	257	101.9	288	106.0	198	-7.50	339
322	Southern		SWAC	15 17	-14.64	98.8	283	113.5	319	68.2	175	.033	95	-12.08	348	97.3	351	109.4	341	1.94	113
323	Western_Carolina	SC	9 23	-14.77	90.3	348	105.1	179	66.8	240	.027	109	1.76	98	107.2	75	105.4	162	6.55	34
324	Morgan_St.		MEAC	14 15	-14.90	91.0	345	105.9	192	68.0	189	.053	59	-11.75	347	98.8	345	110.6	351	-2.70	241
325	Southern_Miss		CUSA	9 22	-15.43	93.2	334	108.7	246	65.5	289	-.032	254	-2.92	225	102.6	263	105.5	171	-3.14	257
326	Northern_Arizona	BSky	9 23	-15.60	95.2	325	110.8	292	69.3	107	-.016	234	-6.09	308	102.0	279	108.1	315	-3.20	262
327	VMI			SC	6 24	-15.96	97.9	293	113.9	321	69.1	117	-.034	264	0.48	129	106.1	92	105.6	174	1.09	133
328	Jackson_St.		SWAC	14 18	-16.18	92.7	337	108.9	251	64.4	314	.032	96	-11.28	346	98.7	346	110.0	345	2.58	89
329	Grambling_St.		SWAC	15 16	-16.39	97.8	296	114.2	323	66.7	247	.062	41	-12.23	350	97.7	350	109.9	344	-0.25	173
330	Lafayette		Pat	9 21	-17.23	96.3	317	113.6	320	69.4	102	.059	46	-3.79	247	101.2	312	105.0	141	-3.71	275
331	UC_Santa_Barbara	BW	6 22	-18.18	91.4	343	109.5	270	64.1	323	.009	170	-2.83	217	102.5	265	105.4	159	6.76	30
332	Hartford		AE	9 23	-18.19	92.8	336	111.0	297	68.5	160	.073	29	-5.05	284	102.4	268	107.4	282	-6.09	327
333	Southern_Utah		BSky	6 26	-18.21	101.3	234	119.5	349	71.6	34	-.017	235	-5.14	291	102.3	272	107.4	279	-0.94	195
334	Idaho_St.		BSky	6 26	-18.23	97.9	294	116.2	338	69.0	120	-.053	299	-2.62	208	104.4	169	107.1	269	4.93	46
335	South_Carolina_St.	MEAC	11 20	-19.16	99.3	268	118.4	348	68.4	165	.067	33	-5.76	302	101.1	313	106.9	258	16.98	1
336	Maine			AE	7 25	-19.42	91.3	344	110.7	290	68.0	192	.005	177	-3.13	232	103.9	197	107.0	268	-2.54	239
337	Howard			MEAC	9 23	-19.48	90.4	347	109.9	273	68.4	166	-.037	274	-6.79	319	101.7	299	108.5	326	8.98	12
338	Chicago_St.		WAC	6 25	-19.72	92.2	339	111.9	303	67.2	224	-.009	209	1.34	113	104.7	157	103.3	99	5.73	39
339	Delaware_St.		MEAC	10 22	-19.79	94.4	329	114.2	326	65.8	280	.007	175	-8.33	332	101.0	317	109.3	340	4.14	57
340	Bethune_Cookman		MEAC	10 22	-20.26	95.1	326	115.4	334	68.3	167	-.011	218	-11.15	345	99.0	343	110.2	348	-2.23	230
341	Central_Connecticut	NEC	6 23	-21.01	93.1	335	114.1	322	64.9	307	-.023	244	-7.85	327	99.6	335	107.5	283	-3.43	269
342	Alabama_St.		SWAC	8 23	-21.59	91.0	346	112.6	311	68.5	156	-.007	203	-9.48	341	99.6	334	109.1	338	2.87	79
343	Coppin_St.		MEAC	8 24	-21.66	93.9	333	115.6	336	68.8	137	.002	180	-6.62	318	101.1	314	107.7	298	8.16	18
344	Florida_A&M		MEAC	6 23	-22.25	93.9	332	116.2	339	69.3	106	-.085	337	-12.48	351	98.0	349	110.5	350	-3.74	276
345	Mississippi_Valley_St.	SWAC	7 25	-22.55	95.7	321	118.2	346	71.3	40	.025	115	-6.61	316	100.9	321	107.5	285	11.83	6
346	St._Francis_NY		NEC	4 27	-24.26	88.0	350	112.3	309	67.2	227	-.037	273	-6.87	321	101.0	316	107.9	303	-1.19	206
347	Longwood		BSth	6 24	-25.07	92.4	338	117.5	343	70.6	61	.017	144	-5.28	292	101.9	285	107.2	274	0.13	160
348	Arkansas_Pine_Bluff	SWAC	7 25	-25.23	85.6	351	110.9	293	67.7	206	-.010	216	-8.88	337	100.9	322	109.8	343	3.10	72
349	North_Carolina_A&T	MEAC	3 29	-27.46	95.6	322	123.1	351	62.9	340	-.086	338	-8.77	335	99.3	339	108.1	309	0.53	152
350	Presbyterian		BSth	5 25	-29.17	89.1	349	118.3	347	64.3	320	.018	137	-3.89	250	103.1	240	107.0	265	2.87	80
351	Alabama_A&M		SWAC	2 27	-30.27	91.6	342	121.9	350	64.2	321	-.075	328	-9.67	342	99.3	338	109.0	336	1.44	125
